{
  "nbformat": 4,
  "nbformat_minor": 0,
  "metadata": {
    "kernelspec": {
      "display_name": "Python 3",
      "language": "python",
      "name": "python3"
    },
    "language_info": {
      "codemirror_mode": {
        "name": "ipython",
        "version": 3
      },
      "file_extension": ".py",
      "mimetype": "text/x-python",
      "name": "python",
      "nbconvert_exporter": "python",
      "pygments_lexer": "ipython3",
      "version": "3.7.6"
    },
    "colab": {
      "name": "Kalika Day 51 Lecture 2 PCA Assignment.ipynb",
      "provenance": [],
      "collapsed_sections": []
    }
  },
  "cells": [
    {
      "cell_type": "markdown",
      "metadata": {
        "id": "Dl7sU6r-kMdW"
      },
      "source": [
        "# Principal Component Analysis Assignment"
      ]
    },
    {
      "cell_type": "code",
      "metadata": {
        "id": "o-K7WD2akMdY"
      },
      "source": [
        "import numpy as np\n",
        "import pandas as pd\n",
        "\n",
        "from sklearn.decomposition import PCA\n",
        "from sklearn.ensemble import RandomForestClassifier\n",
        "from sklearn.model_selection import train_test_split\n",
        "from sklearn.preprocessing import StandardScaler, LabelEncoder\n",
        "\n",
        "import seaborn as sns\n",
        "import matplotlib.pyplot as plt\n",
        "\n",
        "%matplotlib inline"
      ],
      "execution_count": 91,
      "outputs": []
    },
    {
      "cell_type": "markdown",
      "metadata": {
        "id": "iMXplj9FkMdh"
      },
      "source": [
        "### Import the [PitchFX data set](https://docs.google.com/spreadsheets/d/1pmBtSw7v_tU_dIX1-4E8_Q7wC43fDs6LGDQzN49-ffk/export?format=csv)."
      ]
    },
    {
      "cell_type": "code",
      "metadata": {
        "id": "XrExc5-BkMdi"
      },
      "source": [
        "data = pd.read_csv('https://docs.google.com/spreadsheets/d/1pmBtSw7v_tU_dIX1-4E8_Q7wC43fDs6LGDQzN49-ffk/export?format=csv')"
      ],
      "execution_count": 92,
      "outputs": []
    },
    {
      "cell_type": "markdown",
      "metadata": {
        "id": "v1Da9H9SkMdm"
      },
      "source": [
        "### Keep only the pitch type and the numeric columns (exluding ID fields).\n",
        "\n",
        "* Drop any remaining records that contain null values.\n",
        "* Consider `pitchType` as `y`/target and the remaining columns to be `X`/features."
      ]
    },
    {
      "cell_type": "code",
      "metadata": {
        "colab": {
          "base_uri": "https://localhost:8080/",
          "height": 402
        },
        "id": "hH3wjSZi4J3h",
        "outputId": "6403a8fd-80f8-4cf0-c3ab-93cf4fbc1b01"
      },
      "source": [
        "data[data.columns[data.dtypes == int]]"
      ],
      "execution_count": 93,
      "outputs": [
        {
          "output_type": "execute_result",
          "data": {
            "text/html": [
              "<div>\n",
              "<style scoped>\n",
              "    .dataframe tbody tr th:only-of-type {\n",
              "        vertical-align: middle;\n",
              "    }\n",
              "\n",
              "    .dataframe tbody tr th {\n",
              "        vertical-align: top;\n",
              "    }\n",
              "\n",
              "    .dataframe thead th {\n",
              "        text-align: right;\n",
              "    }\n",
              "</style>\n",
              "<table border=\"1\" class=\"dataframe\">\n",
              "  <thead>\n",
              "    <tr style=\"text-align: right;\">\n",
              "      <th></th>\n",
              "      <th>inning</th>\n",
              "      <th>balls</th>\n",
              "      <th>strikes</th>\n",
              "      <th>outs</th>\n",
              "      <th>batterId</th>\n",
              "      <th>pitcherId</th>\n",
              "      <th>timesFaced</th>\n",
              "      <th>catcherId</th>\n",
              "      <th>umpireId</th>\n",
              "    </tr>\n",
              "  </thead>\n",
              "  <tbody>\n",
              "    <tr>\n",
              "      <th>0</th>\n",
              "      <td>1</td>\n",
              "      <td>0</td>\n",
              "      <td>0</td>\n",
              "      <td>0</td>\n",
              "      <td>452655</td>\n",
              "      <td>503449</td>\n",
              "      <td>1</td>\n",
              "      <td>518960</td>\n",
              "      <td>427192</td>\n",
              "    </tr>\n",
              "    <tr>\n",
              "      <th>1</th>\n",
              "      <td>1</td>\n",
              "      <td>0</td>\n",
              "      <td>1</td>\n",
              "      <td>0</td>\n",
              "      <td>452655</td>\n",
              "      <td>503449</td>\n",
              "      <td>1</td>\n",
              "      <td>518960</td>\n",
              "      <td>427192</td>\n",
              "    </tr>\n",
              "    <tr>\n",
              "      <th>2</th>\n",
              "      <td>1</td>\n",
              "      <td>0</td>\n",
              "      <td>2</td>\n",
              "      <td>0</td>\n",
              "      <td>452655</td>\n",
              "      <td>503449</td>\n",
              "      <td>1</td>\n",
              "      <td>518960</td>\n",
              "      <td>427192</td>\n",
              "    </tr>\n",
              "    <tr>\n",
              "      <th>3</th>\n",
              "      <td>1</td>\n",
              "      <td>0</td>\n",
              "      <td>0</td>\n",
              "      <td>1</td>\n",
              "      <td>605412</td>\n",
              "      <td>503449</td>\n",
              "      <td>1</td>\n",
              "      <td>518960</td>\n",
              "      <td>427192</td>\n",
              "    </tr>\n",
              "    <tr>\n",
              "      <th>4</th>\n",
              "      <td>1</td>\n",
              "      <td>0</td>\n",
              "      <td>1</td>\n",
              "      <td>1</td>\n",
              "      <td>605412</td>\n",
              "      <td>503449</td>\n",
              "      <td>1</td>\n",
              "      <td>518960</td>\n",
              "      <td>427192</td>\n",
              "    </tr>\n",
              "    <tr>\n",
              "      <th>...</th>\n",
              "      <td>...</td>\n",
              "      <td>...</td>\n",
              "      <td>...</td>\n",
              "      <td>...</td>\n",
              "      <td>...</td>\n",
              "      <td>...</td>\n",
              "      <td>...</td>\n",
              "      <td>...</td>\n",
              "      <td>...</td>\n",
              "    </tr>\n",
              "    <tr>\n",
              "      <th>79926</th>\n",
              "      <td>9</td>\n",
              "      <td>1</td>\n",
              "      <td>1</td>\n",
              "      <td>2</td>\n",
              "      <td>475174</td>\n",
              "      <td>457732</td>\n",
              "      <td>1</td>\n",
              "      <td>542908</td>\n",
              "      <td>427315</td>\n",
              "    </tr>\n",
              "    <tr>\n",
              "      <th>79927</th>\n",
              "      <td>9</td>\n",
              "      <td>1</td>\n",
              "      <td>2</td>\n",
              "      <td>2</td>\n",
              "      <td>475174</td>\n",
              "      <td>457732</td>\n",
              "      <td>1</td>\n",
              "      <td>542908</td>\n",
              "      <td>427315</td>\n",
              "    </tr>\n",
              "    <tr>\n",
              "      <th>79928</th>\n",
              "      <td>9</td>\n",
              "      <td>2</td>\n",
              "      <td>2</td>\n",
              "      <td>2</td>\n",
              "      <td>475174</td>\n",
              "      <td>457732</td>\n",
              "      <td>1</td>\n",
              "      <td>542908</td>\n",
              "      <td>427315</td>\n",
              "    </tr>\n",
              "    <tr>\n",
              "      <th>79929</th>\n",
              "      <td>9</td>\n",
              "      <td>2</td>\n",
              "      <td>2</td>\n",
              "      <td>2</td>\n",
              "      <td>475174</td>\n",
              "      <td>457732</td>\n",
              "      <td>1</td>\n",
              "      <td>542908</td>\n",
              "      <td>427315</td>\n",
              "    </tr>\n",
              "    <tr>\n",
              "      <th>79930</th>\n",
              "      <td>9</td>\n",
              "      <td>2</td>\n",
              "      <td>2</td>\n",
              "      <td>2</td>\n",
              "      <td>475174</td>\n",
              "      <td>457732</td>\n",
              "      <td>1</td>\n",
              "      <td>542908</td>\n",
              "      <td>427315</td>\n",
              "    </tr>\n",
              "  </tbody>\n",
              "</table>\n",
              "<p>79931 rows × 9 columns</p>\n",
              "</div>"
            ],
            "text/plain": [
              "       inning  balls  strikes  outs  ...  pitcherId  timesFaced  catcherId  umpireId\n",
              "0           1      0        0     0  ...     503449           1     518960    427192\n",
              "1           1      0        1     0  ...     503449           1     518960    427192\n",
              "2           1      0        2     0  ...     503449           1     518960    427192\n",
              "3           1      0        0     1  ...     503449           1     518960    427192\n",
              "4           1      0        1     1  ...     503449           1     518960    427192\n",
              "...       ...    ...      ...   ...  ...        ...         ...        ...       ...\n",
              "79926       9      1        1     2  ...     457732           1     542908    427315\n",
              "79927       9      1        2     2  ...     457732           1     542908    427315\n",
              "79928       9      2        2     2  ...     457732           1     542908    427315\n",
              "79929       9      2        2     2  ...     457732           1     542908    427315\n",
              "79930       9      2        2     2  ...     457732           1     542908    427315\n",
              "\n",
              "[79931 rows x 9 columns]"
            ]
          },
          "metadata": {
            "tags": []
          },
          "execution_count": 93
        }
      ]
    },
    {
      "cell_type": "code",
      "metadata": {
        "colab": {
          "base_uri": "https://localhost:8080/",
          "height": 373
        },
        "id": "25p5cxeVBzu7",
        "outputId": "7aa54bcc-145f-417a-ad9c-f178d38828a2"
      },
      "source": [
        "data.pitchType.value_counts()\n",
        "lb_make = LabelEncoder()\n",
        "data['typeid'] = lb_make.fit_transform(data[\"pitchType\"])\n",
        "data[[\"pitchType\", \"typeid\"]].head(11)"
      ],
      "execution_count": 94,
      "outputs": [
        {
          "output_type": "execute_result",
          "data": {
            "text/html": [
              "<div>\n",
              "<style scoped>\n",
              "    .dataframe tbody tr th:only-of-type {\n",
              "        vertical-align: middle;\n",
              "    }\n",
              "\n",
              "    .dataframe tbody tr th {\n",
              "        vertical-align: top;\n",
              "    }\n",
              "\n",
              "    .dataframe thead th {\n",
              "        text-align: right;\n",
              "    }\n",
              "</style>\n",
              "<table border=\"1\" class=\"dataframe\">\n",
              "  <thead>\n",
              "    <tr style=\"text-align: right;\">\n",
              "      <th></th>\n",
              "      <th>pitchType</th>\n",
              "      <th>typeid</th>\n",
              "    </tr>\n",
              "  </thead>\n",
              "  <tbody>\n",
              "    <tr>\n",
              "      <th>0</th>\n",
              "      <td>FF</td>\n",
              "      <td>4</td>\n",
              "    </tr>\n",
              "    <tr>\n",
              "      <th>1</th>\n",
              "      <td>FT</td>\n",
              "      <td>6</td>\n",
              "    </tr>\n",
              "    <tr>\n",
              "      <th>2</th>\n",
              "      <td>FF</td>\n",
              "      <td>4</td>\n",
              "    </tr>\n",
              "    <tr>\n",
              "      <th>3</th>\n",
              "      <td>FT</td>\n",
              "      <td>6</td>\n",
              "    </tr>\n",
              "    <tr>\n",
              "      <th>4</th>\n",
              "      <td>FF</td>\n",
              "      <td>4</td>\n",
              "    </tr>\n",
              "    <tr>\n",
              "      <th>5</th>\n",
              "      <td>FT</td>\n",
              "      <td>6</td>\n",
              "    </tr>\n",
              "    <tr>\n",
              "      <th>6</th>\n",
              "      <td>FF</td>\n",
              "      <td>4</td>\n",
              "    </tr>\n",
              "    <tr>\n",
              "      <th>7</th>\n",
              "      <td>FT</td>\n",
              "      <td>6</td>\n",
              "    </tr>\n",
              "    <tr>\n",
              "      <th>8</th>\n",
              "      <td>FF</td>\n",
              "      <td>4</td>\n",
              "    </tr>\n",
              "    <tr>\n",
              "      <th>9</th>\n",
              "      <td>FT</td>\n",
              "      <td>6</td>\n",
              "    </tr>\n",
              "    <tr>\n",
              "      <th>10</th>\n",
              "      <td>FF</td>\n",
              "      <td>4</td>\n",
              "    </tr>\n",
              "  </tbody>\n",
              "</table>\n",
              "</div>"
            ],
            "text/plain": [
              "   pitchType  typeid\n",
              "0         FF       4\n",
              "1         FT       6\n",
              "2         FF       4\n",
              "3         FT       6\n",
              "4         FF       4\n",
              "5         FT       6\n",
              "6         FF       4\n",
              "7         FT       6\n",
              "8         FF       4\n",
              "9         FT       6\n",
              "10        FF       4"
            ]
          },
          "metadata": {
            "tags": []
          },
          "execution_count": 94
        }
      ]
    },
    {
      "cell_type": "code",
      "metadata": {
        "id": "yoWXyJLWkMdm",
        "colab": {
          "base_uri": "https://localhost:8080/"
        },
        "outputId": "6559b5a6-bc76-48d7-e806-ef776704d600"
      },
      "source": [
        "data = data.dropna()\n",
        "y = data['typeid']\n",
        "X = data[data.columns[((data.dtypes == float) | (data.dtypes == int))]].drop(columns=['pitcherId', 'catcherId', 'batterId', 'umpireId', 'typeid'])\n",
        "X = X.dropna()\n",
        "X.info()"
      ],
      "execution_count": 95,
      "outputs": [
        {
          "output_type": "stream",
          "text": [
            "<class 'pandas.core.frame.DataFrame'>\n",
            "Int64Index: 13438 entries, 2 to 79930\n",
            "Data columns (total 15 columns):\n",
            " #   Column              Non-Null Count  Dtype  \n",
            "---  ------              --------------  -----  \n",
            " 0   inning              13438 non-null  int64  \n",
            " 1   balls               13438 non-null  int64  \n",
            " 2   strikes             13438 non-null  int64  \n",
            " 3   outs                13438 non-null  int64  \n",
            " 4   timesFaced          13438 non-null  int64  \n",
            " 5   probCalledStrike    13438 non-null  float64\n",
            " 6   releaseVelocity     13438 non-null  float64\n",
            " 7   spinRate            13438 non-null  float64\n",
            " 8   spinDir             13438 non-null  float64\n",
            " 9   locationHoriz       13438 non-null  float64\n",
            " 10  locationVert        13438 non-null  float64\n",
            " 11  movementHoriz       13438 non-null  float64\n",
            " 12  movementVert        13438 non-null  float64\n",
            " 13  battedBallAngle     13438 non-null  float64\n",
            " 14  battedBallDistance  13438 non-null  float64\n",
            "dtypes: float64(10), int64(5)\n",
            "memory usage: 1.6 MB\n"
          ],
          "name": "stdout"
        }
      ]
    },
    {
      "cell_type": "markdown",
      "metadata": {
        "id": "OG5KI6rokMdq"
      },
      "source": [
        "### Reduce the dimensionality of the data using PCA to two components.\n",
        "\n",
        "Don't forget to scale."
      ]
    },
    {
      "cell_type": "code",
      "metadata": {
        "id": "0q4zR46ekMdr"
      },
      "source": [
        "scale = StandardScaler()\n",
        "X_std = scale.fit_transform(X)\n",
        "pca = PCA(n_components=2)\n",
        "two = pca.fit_transform(X_std)"
      ],
      "execution_count": 96,
      "outputs": []
    },
    {
      "cell_type": "markdown",
      "metadata": {
        "id": "t8robVz0kMdu"
      },
      "source": [
        "### Compute the explained variance for new data set."
      ]
    },
    {
      "cell_type": "code",
      "metadata": {
        "id": "vXoOSvKbkMdv",
        "colab": {
          "base_uri": "https://localhost:8080/"
        },
        "outputId": "2dfd2d03-9c6c-47ed-bde3-d01de6b6bf66"
      },
      "source": [
        "pca.get_covariance()"
      ],
      "execution_count": 97,
      "outputs": [
        {
          "output_type": "execute_result",
          "data": {
            "text/plain": [
              "array([[ 8.45656663e-01,  5.35196554e-04, -2.74174518e-03,\n",
              "         1.72078498e-04, -1.73728509e-03,  5.34619944e-03,\n",
              "         8.07772007e-03,  4.56599861e-03, -1.12369668e-03,\n",
              "         2.70469623e-03,  6.87020848e-03,  1.66344994e-03,\n",
              "         7.86998543e-03,  1.68418332e-03,  4.28826850e-03],\n",
              "       [ 5.35196554e-04,  8.47667108e-01, -8.87742294e-03,\n",
              "        -1.52200658e-04, -4.99613980e-03,  1.05754046e-02,\n",
              "         3.03645439e-02,  2.88168494e-04,  2.33729757e-02,\n",
              "        -7.59812863e-03,  1.61666910e-02, -2.13151760e-02,\n",
              "         2.93368221e-02,  2.70329666e-03,  7.83752853e-03],\n",
              "       [-2.74174518e-03, -8.87742294e-03,  8.82018581e-01,\n",
              "        -2.05927310e-04,  2.13756671e-02, -5.16034373e-02,\n",
              "        -1.20462577e-01, -1.82445825e-02, -6.47594247e-02,\n",
              "         1.21405597e-02, -7.39246323e-02,  5.66249240e-02,\n",
              "        -1.16635525e-01, -1.44007011e-02, -3.94861942e-02],\n",
              "       [ 1.72078498e-04, -1.52200658e-04, -2.05927310e-04,\n",
              "         8.45599234e-01, -3.38306444e-04,  2.62687453e-03,\n",
              "        -7.84325604e-04,  5.13265921e-03, -9.00942253e-03,\n",
              "         5.60731643e-03,  2.52434213e-03,  8.94748436e-03,\n",
              "        -6.82595817e-04,  1.03510240e-03,  2.32023022e-03],\n",
              "       [-1.73728509e-03, -4.99613980e-03,  2.13756671e-02,\n",
              "        -3.38306444e-04,  8.58006874e-01, -3.21555787e-02,\n",
              "        -6.89311188e-02, -1.50961660e-02, -2.94422152e-02,\n",
              "         2.04537976e-03, -4.49661661e-02,  2.47954473e-02,\n",
              "        -6.68093088e-02, -9.24129060e-03, -2.48800057e-02],\n",
              "       [ 5.34619944e-03,  1.05754046e-02, -5.16034373e-02,\n",
              "         2.62687453e-03, -3.21555787e-02,  9.40165455e-01,\n",
              "         1.55665213e-01,  7.34346251e-02,  2.14968230e-03,\n",
              "         3.67982717e-02,  1.24063975e-01,  8.27674462e-03,\n",
              "         1.51449058e-01,  2.93266986e-02,  7.54948873e-02],\n",
              "       [ 8.07772007e-03,  3.03645439e-02, -1.20462577e-01,\n",
              "        -7.84325604e-04, -6.89311188e-02,  1.55665213e-01,\n",
              "         1.24978273e+00,  3.00868931e-02,  2.68383898e-01,\n",
              "        -7.35684556e-02,  2.30350489e-01, -2.41020554e-01,\n",
              "         3.91126330e-01,  4.16481849e-02,  1.17271881e-01],\n",
              "       [ 4.56599861e-03,  2.88168494e-04, -1.82445825e-02,\n",
              "         5.13265921e-03, -1.50961660e-02,  7.34346251e-02,\n",
              "         3.00868931e-02,  9.57222068e-01, -1.59316830e-01,\n",
              "         1.09937953e-01,  7.98842092e-02,  1.61165112e-01,\n",
              "         3.07006979e-02,  2.66650868e-02,  6.25297158e-02],\n",
              "       [-1.12369668e-03,  2.33729757e-02, -6.47594247e-02,\n",
              "        -9.00942253e-03, -2.94422152e-02,  2.14968230e-03,\n",
              "         2.68383898e-01, -1.59316830e-01,  1.31663781e+00,\n",
              "        -2.37554030e-01,  5.02503298e-02, -4.52820933e-01,\n",
              "         2.56932590e-01, -1.09009650e-02, -1.01662976e-02],\n",
              "       [ 2.70469623e-03, -7.59812863e-03,  1.21405597e-02,\n",
              "         5.60731643e-03,  2.04537976e-03,  3.67982717e-02,\n",
              "        -7.35684556e-02,  1.09937953e-01, -2.37554030e-01,\n",
              "         9.80229112e-01,  2.41531685e-02,  2.32379229e-01,\n",
              "        -6.94601932e-02,  1.72329652e-02,  3.53092742e-02],\n",
              "       [ 6.87020848e-03,  1.61666910e-02, -7.39246323e-02,\n",
              "         2.52434213e-03, -4.49661661e-02,  1.24063975e-01,\n",
              "         2.30350489e-01,  7.98842092e-02,  5.02503298e-02,\n",
              "         2.41531685e-02,  1.01246557e+00, -3.47723062e-02,\n",
              "         2.23690497e-01,  3.72098409e-02,  9.75897262e-02],\n",
              "       [ 1.66344994e-03, -2.13151760e-02,  5.66249240e-02,\n",
              "         8.94748436e-03,  2.47954473e-02,  8.27674462e-03,\n",
              "        -2.41020554e-01,  1.61165112e-01, -4.52820933e-01,\n",
              "         2.32379229e-01, -3.47723062e-02,  1.28155959e+00,\n",
              "        -2.30472153e-01,  1.36785593e-02,  1.80088293e-02],\n",
              "       [ 7.86998543e-03,  2.93368221e-02, -1.16635525e-01,\n",
              "        -6.82595817e-04, -6.68093088e-02,  1.51449058e-01,\n",
              "         3.91126330e-01,  3.07006979e-02,  2.56932590e-01,\n",
              "        -6.94601932e-02,  2.23690497e-01, -2.30472153e-01,\n",
              "         1.22363491e+00,  4.06228001e-02,  1.14201016e-01],\n",
              "       [ 1.68418332e-03,  2.70329666e-03, -1.44007011e-02,\n",
              "         1.03510240e-03, -9.24129060e-03,  2.93266986e-02,\n",
              "         4.16481849e-02,  2.66650868e-02, -1.09009650e-02,\n",
              "         1.72329652e-02,  3.72098409e-02,  1.36785593e-02,\n",
              "         4.06228001e-02,  8.54706808e-01,  2.36427923e-02],\n",
              "       [ 4.28826850e-03,  7.83752853e-03, -3.94861942e-02,\n",
              "         2.32023022e-03, -2.48800057e-02,  7.54948873e-02,\n",
              "         1.17271881e-01,  6.25297158e-02, -1.01662976e-02,\n",
              "         3.53092742e-02,  9.75897262e-02,  1.80088293e-02,\n",
              "         1.14201016e-01,  2.36427923e-02,  9.05763811e-01]])"
            ]
          },
          "metadata": {
            "tags": []
          },
          "execution_count": 97
        }
      ]
    },
    {
      "cell_type": "markdown",
      "metadata": {
        "id": "qxawC8DrkMd1"
      },
      "source": [
        "### Generate a scatter plot that visualizes how the component values are distributed."
      ]
    },
    {
      "cell_type": "code",
      "metadata": {
        "id": "kEsUKRK3kMd1",
        "colab": {
          "base_uri": "https://localhost:8080/",
          "height": 282
        },
        "outputId": "fbc917e4-263e-478a-fde2-faa3a7633fae"
      },
      "source": [
        "sns.scatterplot(data=two)"
      ],
      "execution_count": 98,
      "outputs": [
        {
          "output_type": "execute_result",
          "data": {
            "text/plain": [
              "<matplotlib.axes._subplots.AxesSubplot at 0x7f8af796be10>"
            ]
          },
          "metadata": {
            "tags": []
          },
          "execution_count": 98
        },
        {
          "output_type": "display_data",
          "data": {
